       Min        Max MinNo MaxNo   Average     StDev
    5.0000   441.0000  1960  2158  138.1466   78.0896
   10.0000    25.9600    18  1868   18.4528    2.4868
    4.0000    32.4800    18  1991   13.5053    5.3557
    0.0000     3.0900    18    29    0.7627    1.0456
    0.0000    15.0000    29    18    1.6512    1.1448
    0.0000     1.2700    18  1868    0.5651    0.2159
    0.0000     4.9667   107    46    0.2812    0.4825
    0.0000     0.5600     1    54    0.1172    0.1789
    0.0000     0.0000     1     1    0.0000    0.0000
    0.0000     0.0001     1   127    0.0000    0.0000
    0.0000     0.5000     1    15    0.0164    0.0550
    0.0000     4.6400    15    13    0.0087    0.1313
    0.0000    30.0000     1    23    0.2267    0.8498
    0.0000     0.2000     1  3012    0.0242    0.0455
    0.0000     0.4400    49  1711    0.0928    0.0907
    0.0000     0.0800    18    47    0.0011    0.0036
    0.0000     0.0440    18    15    0.0226    0.0059
    0.0000     0.0300     1   513    0.0104    0.0066
    0.0000     0.5400     1  1962    0.0398    0.1056
    0.0000     3.9300    14    38    0.0735    0.3537
    0.0000     0.0200     1   127    0.0000    0.0007
    0.0000     0.0100     1   127    0.0000    0.0002
    0.0000     5.8451    49  3090    0.7682    0.7625
17530.7230 31976.5131   235  2070 22546.8459 2503.4913
